   0.0000000e+00   2.2835196e-01   4.7486034e-02   4.3994413e-02   2.1438547e-01   2.6536313e-02   9.4972067e-02   1.1941341e-01   7.1927374e-02   4.3994413e-02   6.8435754e-02   4.0502793e-02
   2.8920742e-01   0.0000000e+00   9.0219224e-02   8.6846543e-02   8.9376054e-02   2.5295110e-02   7.1669477e-02   8.6846543e-02   3.9629005e-02   3.7099494e-02   1.1382799e-01   6.9983137e-02
   1.8452381e-01   1.9642857e-01   0.0000000e+00   3.9682540e-02   8.3333333e-02   2.5793651e-02   9.5238095e-02   6.1507937e-02   3.1746032e-02   5.5555556e-02   6.7460317e-02   1.5873016e-01
   8.9032258e-02   1.5741935e-01   4.0000000e-02   0.0000000e+00   8.1290323e-02   2.1935484e-02   7.7419355e-02   4.1290323e-02   8.9032258e-02   5.1612903e-02   2.9935484e-01   5.1612903e-02
   2.3178295e-01   7.9069767e-02   3.4883721e-02   5.4263566e-02   0.0000000e+00   5.6589147e-02   1.0542636e-01   1.1472868e-01   8.4496124e-02   1.0930233e-01   8.3720930e-02   4.5736434e-02
   4.9733570e-02   5.5062167e-02   1.5985790e-02   4.7957371e-02   1.3676732e-01   0.0000000e+00   1.0479574e-01   3.7300178e-02   1.1012433e-01   2.8952043e-01   5.5062167e-02   9.7690941e-02
   1.4684592e-01   9.5139607e-02   6.1013444e-02   6.9286453e-02   1.1892451e-01   6.1013444e-02   0.0000000e+00   1.0961737e-01   5.8945191e-02   9.7207859e-02   8.5832472e-02   9.6173733e-02
   2.3439490e-01   1.1210191e-01   2.8025478e-02   4.4585987e-02   2.0000000e-01   2.6751592e-02   1.3885350e-01   0.0000000e+00   7.5159236e-02   5.0955414e-02   7.0063694e-02   1.9108280e-02
   1.6011236e-01   7.8651685e-02   2.6685393e-02   1.0112360e-01   1.2640449e-01   7.8651685e-02   9.1292135e-02   8.7078652e-02   0.0000000e+00   6.0393258e-02   1.4044944e-01   4.9157303e-02
   4.8268625e-02   5.2465897e-02   3.4627492e-02   5.6663169e-02   1.5424974e-01   1.6264428e-01   9.4438615e-02   4.4071354e-02   5.8761805e-02   0.0000000e+00   1.2172088e-01   1.7208814e-01
   9.7165992e-02   1.3765182e-01   3.7449393e-02   2.1457490e-01   1.0931174e-01   2.5303644e-02   6.8825911e-02   5.8704453e-02   8.0971660e-02   1.1234818e-01   0.0000000e+00   5.7692308e-02
   8.5978836e-02   1.1507937e-01   1.1375661e-01   5.6878307e-02   7.4074074e-02   7.5396825e-02   1.2830688e-01   2.3809524e-02   4.3650794e-02   2.1296296e-01   7.0105820e-02   0.0000000e+00
